[pexels-photo-256307.jpeg]
filters=TwoTone=1,0.000000,20.000000,0.000000,00004488,ffcab0a9;
moddate=764a4e3cd39ad301
width=1280
height=853
textactive=0
